3386753562 63
3386753562 11
3386753562 172
3386753562 169
3386753562 77
3386753562 8
3386753562 108
3386753562 35
3386753562 87
3386753562 132
3386753562 10
3386753562 99
3386753562 162
3386753562 62
3386753562 112
3386753562 62
3386753562 122
3386753562 193
3386753562 95
3386753562 28
3386753562 190
3386753562 96
3386753562 69
3386753562 51
3386753562 125
3386753562 14
3386753562 37
3386753562 85
3386753562 143
3386753562 190
3386753562 17
3386753562 175
3386753562 71
3386753562 135
3386753562 84
3386753562 40
3386753562 185
3386753562 121
3386753562 12
3386753562 111
3386753562 101
3386753562 17
3386753562 180
3386753562 191
3386753562 191
3386753562 128
3386753562 183
3386753562 48
3386753562 26
3386753562 78
